5 13
9 13
5 17
9 17
9 21
14 21
5 25
9 25
32 21
37 21
14 25
32 25
9 29
37 13
32 21
5 46
37 13
23 25
18 29
23 29
0 33
46 38
5 46
32 8
18 25
46 38
32 8
32 38
37 42
23 42
28 38
5 42
23 29
0 33
5 42
14 29
23 29
0 33
14 29
14 25
9 29
28 17
14 21
9 25
14 25
41 33
28 17
9 21
41 33
14 8
18 13
18 21
18 17
14 21
18 21
18 4
18 8
14 13
14 8
32 42
32 46
32 4
37 4
23 25
18 29
18 33
18 38
32 38
32 4
18 25
14 42
37 25
37 25
14 42
28 21
28 21
9 29
14 33
28 42
28 42
28 25
32 25
28 29
32 29
14 8
9 17
9 8
9 13
37 25
28 29
32 29
28 29
32 42
5 4
14 17
18 17
14 21
18 21
5 4
32 13
37 29
28 33
32 33
32 13
32 29
41 8
14 33
41 4
37 8
41 8
5 13
9 17
0 25
5 25
0 29
5 29
14 33
9 17
32 46
5 13
9 13
5 17
32 38
18 4
14 8
14 13
37 17
32 21
37 21
32 17
14 29
28 29
28 38
9 25
28 29
28 38
9 42
14 46
9 33
28 42
14 29
28 42
5 29
5 33
0 38
0 42
18 21
14 25
14 29
14 29
14 46
18 42
23 42
28 42
32 42
14 46
23 46
28 38
32 38
18 42
28 42
23 46
18 42
32 25
32 25
0 21
32 8
37 8
14 13
18 13
32 13
37 13
14 17
18 17
0 21
28 25
5 42
5 46
5 21
0 17
5 17
41 17
0 21
41 21
46 21
5 38
41 17
37 21
5 29
9 13
14 17
23 17
28 21
14 8
18 4
14 17
9 25
9 8
14 17
5 4
28 38
28 38
37 0
37 4
41 4
32 13
37 13
37 17
28 38
32 4
37 8
37 13
23 33
28 33
23 38
32 46
37 42
14 46
5 17
0 21
9 42
