2 6
4 6
2 8
4 8
4 10
6 10
2 12
4 12
14 10
16 10
6 12
14 12
4 14
16 6
14 10
2 22
16 6
10 12
8 14
10 14
0 16
20 18
2 22
14 4
8 12
20 18
14 4
14 18
16 20
10 20
12 18
2 20
10 14
0 16
2 20
6 14
10 14
0 16
6 14
6 12
4 14
12 8
6 10
4 12
6 12
18 16
12 8
4 10
18 16
6 4
8 6
8 10
8 8
6 10
8 10
8 2
8 4
6 6
6 4
14 20
14 22
14 2
16 2
10 12
8 14
8 16
8 18
14 18
14 2
8 12
6 20
16 12
16 12
6 20
12 10
12 10
4 14
6 16
12 20
12 20
12 12
14 12
12 14
14 14
6 4
4 8
4 4
4 6
16 12
12 14
14 14
12 14
14 20
2 2
6 8
8 8
6 10
8 10
2 2
14 6
16 14
12 16
14 16
14 6
14 14
18 4
6 16
18 2
16 4
18 4
2 6
4 8
0 12
2 12
0 14
2 14
6 16
4 8
14 22
2 6
4 6
2 8
14 18
8 2
6 4
6 6
16 8
14 10
16 10
14 8
6 14
12 14
12 18
4 12
12 14
12 18
4 20
6 22
4 16
12 20
6 14
12 20
2 14
2 16
0 18
0 20
8 10
6 12
6 14
6 14
6 22
8 20
10 20
12 20
14 20
6 22
10 22
12 18
14 18
8 20
12 20
10 22
8 20
14 12
14 12
0 10
14 4
16 4
6 6
8 6
14 6
16 6
6 8
8 8
0 10
12 12
2 20
2 22
2 10
0 8
2 8
18 8
0 10
18 10
20 10
2 18
18 8
16 10
2 14
4 6
6 8
10 8
12 10
6 4
8 2
6 8
4 12
4 4
6 8
2 2
12 18
12 18
16 0
16 2
18 2
14 6
16 6
16 8
12 18
14 2
16 4
16 6
10 16
12 16
10 18
14 22
16 20
6 22
2 8
0 10
4 20
